14 17 0
22 18 1
14 16 0
23 15 0
14 16 0
15 18 2
19 24 0
26 13 1
23 21 0
15 15 4
16 13 0
18 22 1
15 25 0
25 26 3
14 18 0
18 13 0
23 25 2
16 22 1
14 13 2
22 15 1
20661607 21177286 1
19175529 19089523 5
19979345 16866559 2
15242314 20273388 0
12984105 11566285 0
12277946 18274219 1
12665330 12525307 0
19048931 18735430 2
21954684 20996802 4
17827924 15280120 0
12985115 15133160 1
19451367 20398989 3
17174390 13247834 0
14481710 13464163 2
20234803 17291167 2
11519177 18352026 1
16448358 19160370 0
14897165 13883319 1
14006833 19129432 0
11612323 15980890 0
